<?xml version="1.0"?>
<opencv_storage>
<one_x>3.6999925639520217e+02</one_x>
<one_y>5.7849997037617902e+02</one_y>
<two_x>4.2649970115376789e+02</two_x>
<two_y>4.7400020455151628e+02</two_y>
<three_x>8.3900055935883302e+02</three_x>
<three_y>4.7350021043274648e+02</three_y>
<four_x>9.1450004322865084e+02</four_x>
<four_y>5.7949991401582895e+02</four_y>
<five_x>-3.0956595226845071e+01</five_x>
<five_y>1.2814095111316904e+03</five_y>
<six_x>1.4606018418322392e+03</six_x>
<six_y>1.3151492455386626e+03</six_y>
</opencv_storage>
